name: japan-covid-map
channels:
  - conda-forge
  - defaults
dependencies:
  - anyio=3.5.0=py310h5588dad_0
  - asgiref=3.5.0=pyhd8ed1ab_0
  - brotlipy=0.7.0=py310he2412df_1003
  - bzip2=1.0.8=h8ffe710_4
  - ca-certificates=2021.10.8=h5b45459_0
  - certifi=2021.10.8=py310h5588dad_1
  - cffi=1.15.0=py310hcbf9ad4_0
  - charset-normalizer=2.0.11=pyhd8ed1ab_0
  - click=8.0.3=py310h5588dad_1
  - colorama=0.4.4=pyh9f0ad1d_0
  - cryptography=36.0.0=py310h21b164f_0
  - fastapi=0.73.0=pyhd8ed1ab_0
  - h11=0.12.0=pyhd8ed1ab_0
  - idna=3.3=pyhd8ed1ab_0
  - libffi=3.4.2=h8ffe710_5
  - libzlib=1.2.11=h8ffe710_1013
  - openssl=3.0.0=h8ffe710_2
  - pip=22.0.3=pyhd8ed1ab_0
  - pycparser=2.21=pyhd8ed1ab_0
  - pydantic=1.9.0=py310he2412df_0
  - pyopenssl=22.0.0=pyhd8ed1ab_0
  - pysocks=1.7.1=py310h5588dad_4
  - python=3.10.2=hcf16a7b_3_cpython
  - python_abi=3.10=2_cp310
  - requests=2.27.1=pyhd8ed1ab_0
  - setuptools=60.8.1=py310h5588dad_0
  - sniffio=1.2.0=py310h5588dad_2
  - sqlite=3.37.0=h8ffe710_0
  - starlette=0.17.1=pyhd8ed1ab_0
  - tk=8.6.11=h8ffe710_1
  - typing-extensions=4.0.1=hd8ed1ab_0
  - typing_extensions=4.0.1=pyha770c72_0
  - tzdata=2021e=he74cb21_0
  - ucrt=10.0.20348.0=h57928b3_0
  - urllib3=1.26.8=pyhd8ed1ab_1
  - uvicorn=0.17.4=py310h5588dad_0
  - vc=14.2=hb210afc_6
  - vs2015_runtime=14.29.30037=h902a5da_6
  - wheel=0.37.1=pyhd8ed1ab_0
  - win_inet_pton=1.1.0=py310h5588dad_3
  - xz=5.2.5=h62dcd97_1
